rowId,label
139,1
190,1
287,1
433,1
434,1
686,1
907,1
1068,1
1098,1
1104,1
1174,1
1225,1
1591,1
1602,1
1748,1
1751,1
1813,1
1854,1
1927,1
2008,1
2265,1
2566,1
2704,1
2802,1
2864,1
2945,1
2965,1
3406,1
3651,1
3671,1
3741,1
3743,1
3747,1
